2780.jpg 871,295,34,50
2820.jpg 1034,295,39,54
2840.jpg 1108,291,38,61
3540.jpg 886,276,80,102
3560.jpg 928,271,88,113
3580.jpg 963,265,108,133
3600.jpg 1029,243,132,163
3620.jpg 1114,225,172,210
3640.jpg 1279,175,246,297
4000.jpg 618,252,136,148
4020.jpg 780,238,138,162
4040.jpg 945,229,148,181
4060.jpg 1021,225,174,214
4080.jpg 981,207,193,238
4100.jpg 841,186,229,288
4120.jpg 712,145,288,339
4140.jpg 657,91,355,427
4160.jpg 625,13,471,550
4760.jpg 519,3,567,607
4780.jpg 517,36,490,553
4800.jpg 526,55,448,505
4820.jpg 517,61,444,493
4840.jpg 510,64,429,475
4860.jpg 517,87,399,450
4880.jpg 529,106,391,426
4900.jpg 541,108,382,424
4920.jpg 553,100,381,417
4940.jpg 558,88,388,432
4960.jpg 576,97,388,432
4980.jpg 607,94,376,432
5000.jpg 643,102,369,429
5020.jpg 703,109,357,423
5040.jpg 736,103,355,432
5060.jpg 786,90,369,436
5080.jpg 837,76,388,433
5100.jpg 880,90,397,447
5120.jpg 922,72,417,456
5140.jpg 987,66,427,477
5160.jpg 1059,52,430,504
5180.jpg 1127,7,524,571
5200.jpg 1255,3,581,627
5580.jpg 594,288,69,69
5600.jpg 583,279,68,76
5620.jpg 585,276,69,76
5640.jpg 597,283,67,78
5660.jpg 610,265,70,70
5700.jpg 84,145,181,261
5720.jpg 219,172,154,243
5740.jpg 325,190,150,228
5760.jpg 444,184,142,223
5780.jpg 586,184,136,202
5800.jpg 711,186,132,204
5820.jpg 780,199,121,193
5840.jpg 783,205,135,189
5860.jpg 660,189,130,196
5880.jpg 582,190,127,205
5900.jpg 538,192,129,195
5920.jpg 504,195,139,201
6140.jpg 528,211,133,201
6160.jpg 519,205,129,196
6460.jpg 822,213,208,255
6480.jpg 937,202,225,274
6500.jpg 982,189,255,298
