0.jpg 58,330,155,123 504,333,172,148 745,325,90,81 693,331,52,46
20.jpg 75,336,151,118 444,339,169,144 748,328,87,81 687,332,59,47
40.jpg 79,331,144,114 379,334,166,142 745,324,84,78 681,329,53,46
60.jpg 99,336,142,115 339,339,168,141 532,319,90,87 756,325,79,70 686,333,53,47
80.jpg 135,336,136,109 324,339,168,144 546,322,94,87 772,328,79,72
100.jpg 184,333,138,105 343,333,163,142 576,321,93,82 804,324,72,67
120.jpg 229,336,130,103 366,340,165,136 597,324,90,76 822,327,75,64
140.jpg 262,328,118,96 384,331,168,144 603,315,93,84 829,319,75,64
160.jpg 298,324,115,100 400,328,158,137 613,315,91,85 843,324,72,60
180.jpg 397,345,157,136 618,327,99,96 852,337,72,61
200.jpg 369,339,168,144 625,321,102,94 858,327,72,61
220.jpg 349,334,169,147 643,315,105,94 871,321,72,58
240.jpg 312,331,180,153 651,315,105,103 868,319,72,61
260.jpg 268,328,190,159 643,312,111,100 858,322,69,58
280.jpg 253,330,190,162 643,312,112,103 852,324,69,55
300.jpg 252,339,190,153 649,318,109,104 846,330,63,57
320.jpg 268,340,186,153 658,319,110,103 847,328,64,54
340.jpg 276,342,181,156 655,319,111,106 606,336,54,45 841,328,62,54
360.jpg 286,330,175,153 660,312,109,100 840,319,60,55 603,325,55,48
380.jpg 283,336,172,144 651,319,111,96 822,321,61,51 591,328,54,49
400.jpg 286,337,166,138 651,316,111,99 822,319,58,51 585,328,58,50
420.jpg 301,339,165,138 660,316,105,97 820,319,58,49 586,332,56,47
440.jpg 310,337,160,137 658,318,102,96 572,335,57,47 807,321,55,51
460.jpg 316,340,161,132 657,313,97,97 614,331,37,31
480.jpg 337,336,150,123 660,316,105,91
500.jpg 342,340,142,125 652,324,98,90
520.jpg 331,345,139,120 633,325,97,88 596,333,42,37
540.jpg 312,333,139,115 606,313,97,87 542,325,37,35
560.jpg 300,339,131,115 574,322,100,85 494,329,39,34
580.jpg 270,334,132,111 549,318,96,85 453,327,43,33
600.jpg 532,313,96,90 253,336,132,106 439,327,41,35 626,316,67,70
620.jpg 1441,277,421,355 241,336,129,106 526,319,90,84 628,316,73,69 436,326,41,35
640.jpg 253,334,124,103 526,319,90,72 646,309,67,70 1347,282,363,315 445,320,44,37
660.jpg 262,345,124,105 529,325,82,75 663,319,61,69 1260,304,318,276 456,332,38,32
680.jpg 279,334,127,106 528,313,85,73 673,307,69,75 1177,298,298,256 468,324,41,34
700.jpg 1113,306,271,232 288,336,126,100 526,319,81,69 669,315,75,67 468,330,39,35
720.jpg 309,331,124,100 532,318,82,67 678,309,66,69 1075,300,247,205 472,332,38,33
740.jpg 1059,303,219,192 334,333,124,102 547,321,78,67 687,315,67,70 477,340,39,30
760.jpg 351,340,118,99 550,331,73,63 682,322,73,72 1032,313,207,175 474,351,39,32
780.jpg 373,334,120,96 1027,304,186,169 559,327,69,63 697,322,66,67
800.jpg 367,345,117,93 985,319,177,162 1470,252,448,442 532,340,72,61 684,334,69,66
820.jpg 357,346,120,99 1168,273,363,352 504,342,70,60 666,337,67,66
840.jpg 364,340,115,93 922,279,303,283 660,332,71,67 494,341,65,58 314,364,31,28
860.jpg 756,291,258,249 379,349,111,96 658,338,63,65 482,348,58,58
880.jpg 411,345,97,87 663,301,234,219
900.jpg 630,306,205,195 441,349,90,81 354,354,78,67
920.jpg 364,355,76,63 472,352,87,76 612,309,187,180
940.jpg 378,358,76,61 495,351,81,72 600,313,174,162 768,331,113,111
960.jpg 382,355,76,60 505,355,73,67 582,324,159,146 745,339,114,105 1228,333,538,422
980.jpg 1003,339,417,340 559,327,153,144 724,342,111,97 407,354,72,62 481,357,48,41
1000.jpg 568,321,141,126 735,334,108,93 861,340,342,285 448,342,70,58
1020.jpg 498,334,73,63 609,319,126,127 762,337,304,262
1040.jpg 699,331,286,231 528,326,72,59
1060.jpg 550,328,70,55 663,330,270,229
1080.jpg 628,336,253,217 549,330,75,61 860,316,62,65
1100.jpg 550,331,258,204 838,307,70,75
1120.jpg 492,324,255,204 855,307,67,72
1140.jpg 424,336,249,192 649,316,112,112 858,316,70,75
1160.jpg 364,333,238,192 630,310,124,120 856,312,73,82
1180.jpg 310,334,246,193 621,315,123,117 861,315,79,80
1200.jpg 271,324,241,192 612,301,133,127 871,307,80,84
1220.jpg 235,330,252,195 616,303,133,130 888,307,84,88 486,329,90,68
1240.jpg 235,340,243,195 646,307,135,132 919,309,94,93 508,330,91,76
1260.jpg 201,331,259,202 499,325,93,72 640,306,139,130 934,301,97,103
1280.jpg 174,333,264,199 651,301,129,138 957,301,105,109 495,322,94,78
1300.jpg 141,324,268,211 649,301,130,129 990,295,106,118 493,321,91,78
1320.jpg 120,331,265,216 492,321,94,79 663,304,129,130 1026,301,123,122 612,316,56,53
1340.jpg 666,300,130,127 480,316,96,79 102,319,271,217 1062,294,140,136 602,312,61,56
1360.jpg 1111,288,153,157 663,306,130,124 463,322,103,81 69,330,291,228 1503,325,414,471 588,315,62,54 812,316,55,47
1380.jpg 1140,318,456,363 645,300,135,121 441,321,105,84 34,327,298,223 564,316,69,56 802,313,57,49 1000,303,35,31 1043,292,35,32
1400.jpg 1,328,286,231 414,324,106,88 630,307,127,123 913,330,355,300 1248,276,193,225 545,322,67,56 794,320,57,52
1420.jpg 816,319,283,235 1359,267,247,259 615,294,130,121 405,316,106,85 1,318,273,232 537,313,65,54 1155,312,56,48 1113,296,41,39
1440.jpg 766,324,241,202 1504,255,334,328 583,306,124,114 375,324,108,85 1,330,231,226 1169,326,64,52 1022,322,40,32 506,325,66,53
1460.jpg 321,330,103,84 529,310,118,121 730,330,207,178 454,331,70,57 1006,335,42,35
1480.jpg 699,327,189,157 492,307,123,111 279,327,106,88 1221,328,72,69 1308,317,68,65 429,327,63,57 1013,329,43,38
1500.jpg 253,330,106,93 465,309,120,111 681,325,172,147 1284,330,79,70 1492,309,91,82 411,328,63,58
1520.jpg 211,324,114,88 436,306,118,111 657,328,156,127 1348,325,99,85 1025,331,47,42 388,325,58,57
1540.jpg 195,324,105,91 427,306,120,117 646,327,148,121 1039,332,50,45 1138,333,47,39
1560.jpg 1555,333,123,105 639,333,142,117 418,312,121,106 175,331,111,85 1230,337,51,49 1044,341,55,48 595,332,38,36
1580.jpg 168,327,109,90 415,312,121,106 640,333,138,114 1689,336,147,124 1362,332,66,65 599,330,39,39
1600.jpg 169,333,106,87 412,318,123,109 646,334,142,120 1565,338,91,84 1422,347,68,66 1061,350,52,50 1168,350,41,38 600,334,41,38
1620.jpg 177,330,105,87 415,307,118,106 658,327,141,120 605,327,44,40 1655,338,100,84 1065,342,60,58 1250,342,56,48
1640.jpg 201,328,103,79 430,310,115,102 666,330,151,118 1385,344,73,61 1231,343,49,46 988,337,39,36 616,326,41,38
1660.jpg 231,327,100,76 451,310,109,97 675,328,153,127 1589,351,87,75 1097,348,63,62 1012,339,45,37 626,328,40,37
1680.jpg 249,324,96,75 457,309,103,90 667,319,154,127 1029,335,44,36 619,321,42,38 1095,343,67,62 1486,341,83,72 942,329,46,45
1700.jpg 282,322,88,72 475,309,96,88 669,325,151,112 1729,351,109,91 625,322,42,39 0,321,138,134 953,329,42,43 1096,343,72,68
1720.jpg 34,327,153,123 310,328,84,67 493,313,90,87 673,328,147,120 1102,350,70,68 957,335,44,46 629,328,41,38
1740.jpg 675,330,139,111 508,316,82,78 336,327,78,63 105,328,136,109 1108,346,75,69 1284,344,60,46 632,330,35,36 909,330,34,31
1760.jpg 156,337,126,96 354,336,73,60 511,324,76,69 672,337,132,103 1110,349,79,69 1379,348,69,56 959,339,49,46 628,336,37,36 891,337,37,30
1780.jpg 205,333,115,91 384,336,64,58 528,322,73,66 679,337,129,100 1530,342,84,75 967,333,50,49 634,334,39,35
1800.jpg 258,331,105,87 406,330,67,54 544,319,69,67 691,330,121,100 1149,340,85,78 982,328,46,48 1778,337,123,97 642,328,40,36 900,326,34,30
1820.jpg 288,333,103,82 691,336,118,93 1159,339,87,84 415,334,70,54 555,324,63,64 642,332,36,35 898,331,35,33
1840.jpg 297,330,94,78 541,321,64,58 675,336,114,88 1152,336,90,84 970,326,52,53 883,329,37,32 417,329,61,54 624,332,37,31
1860.jpg 310,337,91,73 543,328,61,60 670,340,111,90 1164,343,88,88 425,337,53,50 619,340,37,30 973,337,50,49 1256,342,76,65 1097,339,38,34
1880.jpg 690,331,112,93 1192,330,97,88 354,333,82,69 454,332,52,45 569,320,61,57 638,331,35,31 999,323,53,58 1313,328,90,75 894,329,38,36
1900.jpg 366,331,82,70 697,334,109,87 1221,328,106,96 462,332,53,47 574,323,58,55 637,332,38,34 886,332,36,33 1371,328,98,79 1106,329,36,34
1920.jpg 55,277,216,241 388,331,76,67 709,337,105,81 1263,334,108,102 1455,333,108,85 476,336,51,43 585,327,54,54 1030,331,56,59
1940.jpg 142,282,190,222 409,333,69,66 726,333,103,85 1326,328,120,109 1053,327,62,63 594,326,57,53 494,337,47,39
1960.jpg 196,286,174,210 727,337,100,82 1075,331,61,67 1398,331,135,118 1713,331,148,115 826,334,39,35 598,327,51,50 421,337,63,55 495,336,52,42
1980.jpg 237,282,160,189 721,325,103,88 1500,318,157,141 430,328,66,56 600,318,50,48 815,324,39,36 501,327,51,41
2000.jpg 288,285,147,177 730,330,99,88 1677,325,183,165 609,323,51,46
2020.jpg 325,292,139,163 732,328,100,85 1077,321,75,84 614,322,51,50
2040.jpg 358,291,127,154 718,333,106,85 1017,322,82,96 610,324,50,46 1139,334,56,52
2060.jpg 391,295,121,139 711,325,109,88 958,315,90,100 1134,330,61,53 613,318,47,50
2080.jpg 1,334,129,121 426,301,111,129 708,327,109,99 925,320,105,109 617,322,47,47 1136,331,63,60
2100.jpg 55,324,132,109 456,291,102,123 720,322,105,85 919,310,109,117 1138,329,64,56 622,314,45,45
2120.jpg 142,327,121,96 498,300,94,105 751,322,105,90 943,310,114,126 644,314,44,43
2140.jpg 553,304,82,105 798,333,108,85 954,321,120,129 0,327,218,237 671,324,47,42 1180,336,67,62 1093,334,45,36
2160.jpg 75,334,220,186 526,309,81,96 859,325,130,135 1138,343,63,60 636,326,42,41
2180.jpg 57,330,142,120 187,331,178,156 540,304,76,87 781,315,142,153 639,322,40,40 1127,333,67,58
2200.jpg 129,319,124,106 270,316,147,129 550,298,67,84 724,303,148,156 1120,322,66,60 1227,318,67,57 644,311,41,40
2220.jpg 226,318,106,88 360,319,132,115 585,301,58,73 703,310,148,150 1128,325,69,60 1356,322,82,69 676,314,37,37
2240.jpg 280,322,94,76 408,324,106,91 580,307,57,69 673,315,141,144 826,324,91,79 1107,327,67,60 1498,330,109,91
2260.jpg 336,325,81,69 456,324,99,81 660,315,132,133 828,325,97,73 1093,324,66,60 1746,324,145,126 589,309,54,64
2280.jpg 366,319,76,61 480,319,81,73 643,307,117,126 823,318,90,78 1065,315,66,55 587,304,53,63
2300.jpg 63,328,156,126 363,331,61,57 463,331,75,64 598,325,105,112 790,339,82,69 1017,334,61,57 557,319,47,57 925,332,37,33
2320.jpg 1365,339,553,588 79,327,117,100 301,327,61,54 393,328,66,55 498,327,102,97 705,331,79,69 925,327,61,52 596,325,41,37
2340.jpg 757,337,420,370 381,328,96,87 30,331,103,87 615,331,78,67 217,330,57,49 303,330,60,52 492,329,48,40
2360.jpg 79,336,84,72 468,345,322,279 370,328,88,90 240,336,52,42 313,332,59,50 843,329,58,56
2380.jpg 163,333,78,57 364,342,265,213 720,322,73,64 307,332,46,41 922,323,54,49 993,318,37,38
2400.jpg 252,327,66,55 349,330,226,180 826,318,75,67 1012,317,62,48 1139,311,40,38 582,328,40,32
2420.jpg 298,337,66,51 354,337,190,162 934,328,75,58 603,339,38,33 1109,328,59,48
2440.jpg 333,336,168,141 1035,330,76,67 589,346,37,31
2460.jpg 240,327,150,127 1104,334,73,63 520,343,38,33 409,325,69,59 1246,335,60,54
2480.jpg 13,334,151,123 1101,351,73,63 233,333,61,61 355,354,36,35 1234,350,62,53
2500.jpg 1078,349,81,69 83,360,33,35 138,361,40,34 1208,354,59,53 0,342,57,57
2520.jpg 1051,343,79,73 1172,350,58,53
2540.jpg 1066,336,78,72 1326,333,51,46 1389,336,41,33
2560.jpg 1108,342,84,73
2580.jpg 1083,324,87,79
2600.jpg 978,331,97,78
2620.jpg 876,337,108,91
2640.jpg 799,331,115,94
2660.jpg 727,334,129,105
2680.jpg 693,330,138,115
2700.jpg 661,324,157,121
2720.jpg 651,333,168,130
2740.jpg 628,322,184,148
2760.jpg 622,319,202,166
2780.jpg 625,324,214,177
2800.jpg 634,334,234,181 855,329,43,37
2820.jpg 625,327,252,201 899,321,48,36
2840.jpg 609,328,273,216 829,317,60,54
2860.jpg 604,327,283,228 882,317,65,56
2880.jpg 601,319,295,243 950,314,62,56
2900.jpg 612,327,307,240 906,320,75,69 1021,314,63,60
2920.jpg 648,322,310,249 992,326,78,66 1101,319,71,60 1220,325,58,49
2940.jpg 720,336,303,241 1079,333,84,67 1177,322,70,65 1297,330,64,52
2960.jpg 783,318,304,252 1136,322,90,76 1344,322,73,58 1452,311,51,57 659,317,62,51
2980.jpg 795,321,318,256 652,321,67,59 1152,331,99,79 1345,333,75,65
3000.jpg 775,319,325,259 314,313,87,67 1140,330,99,87 1316,331,75,66
3020.jpg 748,348,337,252 1128,348,96,84 1294,342,74,67 474,338,75,64
3040.jpg 714,343,351,271 1114,345,112,94 127,326,138,119 606,336,76,61 1271,338,85,71
3060.jpg 343,331,138,118 702,349,360,280 1108,340,111,99 58,335,105,85 1254,331,82,72
3080.jpg 699,333,351,289 1099,340,127,100 241,335,95,75 1326,330,67,54
3100.jpg 625,331,124,115 720,331,346,280 1105,339,129,112 1319,326,64,59 123,322,82,88
3120.jpg 729,358,325,262 1101,357,133,114 314,331,78,78 474,344,77,63 1291,343,67,59 1405,343,46,38
3140.jpg 759,351,315,258 1099,352,138,115 101,326,105,96 421,319,73,69 637,330,52,44 1257,338,69,54 1356,334,41,37
3160.jpg 769,316,310,250 1093,316,145,126 206,295,97,88 488,289,62,60 544,301,62,58 643,297,48,45 1301,303,42,38
3180.jpg 675,345,172,148 802,340,304,247 1116,340,144,127 167,331,129,107 574,330,60,53 1273,325,44,39
3200.jpg 154,313,81,76 282,318,96,99 633,343,186,166 820,339,303,250 1098,345,145,126 552,324,55,52
3220.jpg 171,294,75,75 292,310,91,76 549,331,216,184 826,337,309,246 1178,332,64,52
3240.jpg 430,331,249,208 793,333,312,247 1079,334,65,66 136,295,68,64
3260.jpg 271,339,291,228 718,330,306,250 651,324,79,70
3280.jpg 46,342,342,273 630,337,313,258 536,332,82,73
3300.jpg 606,331,321,267 890,338,100,91 500,327,84,68
3320.jpg 118,328,274,229 607,336,309,253 928,343,117,109 495,331,84,64
3340.jpg 40,334,303,238 603,334,280,237 984,340,144,135 487,322,82,67 844,327,40,32
3360.jpg 3,333,318,273 621,339,247,211 1093,327,189,187 501,321,75,66 586,319,44,37 869,323,48,39
3380.jpg 474,316,73,66 601,334,225,181 1263,334,310,261 866,321,52,39 567,316,44,36
3400.jpg 466,316,76,64 586,325,213,177 982,316,53,51 887,321,51,42
3420.jpg 582,327,204,168 474,328,76,58 1346,319,138,118 1025,325,63,53 916,327,59,52 765,328,54,51
3440.jpg 555,334,199,165 1578,319,204,165 1068,330,72,66 945,335,63,60 759,334,56,52 467,335,72,63
3460.jpg 552,336,195,151 1492,331,148,142 474,336,72,64 772,336,58,52 994,335,76,68 1141,330,84,73
3480.jpg 459,334,66,60 520,333,193,153 1045,339,93,85 1231,334,102,91 1605,301,204,187 770,334,63,56
3500.jpg 438,343,70,66 486,349,199,147 1129,340,123,111 1377,327,145,129 767,343,73,59
3520.jpg 445,334,195,157 1306,334,190,159 1710,310,208,186 774,333,75,69
3540.jpg 429,342,198,148 805,331,82,73 1215,328,103,87 735,332,68,57 643,328,36,33
3560.jpg 433,337,192,151 846,333,90,81 1413,327,148,124 732,333,73,64 652,331,38,34
3580.jpg 405,339,192,159 714,334,79,69 864,336,102,90 647,331,37,39
3600.jpg 399,331,195,160 691,327,87,84 894,325,120,112
3620.jpg 369,334,204,160 639,337,93,90 909,336,136,127 730,339,37,35
3640.jpg 322,333,226,181 921,333,157,145 569,332,104,103 717,337,38,34
3660.jpg 339,334,240,196 958,333,193,169 653,328,49,45 727,335,41,38
3680.jpg 238,325,120,100 369,324,258,211 990,324,219,201 646,320,56,48 715,327,43,36 756,321,41,39
3700.jpg 273,325,180,144 457,324,271,219 1065,325,249,223 767,319,46,42
3720.jpg 58,345,223,175 544,339,267,225 1165,348,279,237 975,341,39,37
3740.jpg 117,336,159,132 606,334,265,217 1272,337,298,261 499,336,90,78 993,334,47,39
3760.jpg 4,336,180,138 436,334,94,82 616,331,255,205 1312,333,307,258 993,326,52,50
3780.jpg 390,331,100,87 619,324,264,216 1317,322,291,250 1017,325,56,53 556,328,60,51
3800.jpg 333,334,112,97 618,328,253,204 1269,330,265,222 523,330,65,56 1044,327,67,59
3820.jpg 301,336,127,109 627,330,246,201 1216,327,241,216 498,330,78,66
3840.jpg 282,343,151,126 637,333,256,207 1174,331,219,192 471,334,90,72
3860.jpg 79,313,163,142 244,328,163,148 625,319,262,214 1117,328,195,168 1271,320,108,94
3880.jpg 220,336,183,153 625,322,270,214 1081,324,174,145 1413,315,141,123
3900.jpg 214,331,195,177 633,324,264,210 1060,331,151,141 1620,325,187,157 529,327,70,64
3920.jpg 222,333,216,178 643,325,264,216 1048,327,141,129 499,324,73,67
3940.jpg 238,340,216,181 654,328,259,210 1045,325,124,120 562,315,48,53
3960.jpg 52,325,195,169 262,333,216,189 667,324,252,217 1038,328,123,106 551,315,48,56
3980.jpg 294,328,207,175 675,321,273,219 1042,321,111,99 547,307,51,58
4000.jpg 310,345,199,163 715,330,303,243 1075,327,103,97 499,332,79,70
4020.jpg 453,345,193,147 945,331,360,279 670,332,74,66 1252,321,98,92
4040.jpg 586,339,181,142 1291,322,502,385 825,329,77,69
4060.jpg 645,343,171,144 1305,301,262,241 897,337,84,72
4080.jpg 582,337,171,150 843,330,93,78 1410,288,354,313
4100.jpg 417,333,178,163 1503,271,415,447 690,330,97,84
4120.jpg 297,333,184,156 556,325,105,91
4140.jpg 1548,247,370,447 238,328,199,160 490,322,118,96
4160.jpg 223,331,205,171 1206,306,273,276 459,325,135,111
4180.jpg 186,330,219,180 1311,300,370,352
4200.jpg 138,330,231,186 1416,303,442,420
4220.jpg 103,325,207,199
4760.jpg 1413,276,462,411
4780.jpg 1353,286,439,397 350,348,152,127
4800.jpg 3,354,246,231 337,340,160,134 1372,273,442,411
4820.jpg 301,340,178,154 958,334,159,141 1408,261,484,444
4840.jpg 234,334,204,169 954,321,156,147 1474,243,436,502
4860.jpg 148,348,229,201 952,324,154,145
4880.jpg 31,352,282,237 975,322,156,141
4900.jpg 1018,322,157,145
4920.jpg 34,288,256,268 1089,316,171,153 941,331,95,85
4940.jpg 1189,310,190,177 970,335,94,84
4960.jpg 1332,322,216,202 999,347,96,84
4980.jpg 1527,310,250,238 1024,336,96,88
5000.jpg 1050,333,95,90 1154,320,53,59
5020.jpg 1074,336,94,87 1203,322,64,66
5040.jpg 1234,318,70,70
5060.jpg 1302,301,75,85
5080.jpg 1386,297,91,97
5100.jpg 1488,303,114,111
5120.jpg 1651,282,141,151
5140.jpg 872,334,59,49
5160.jpg 852,332,55,49
5180.jpg 858,327,56,49
5200.jpg 869,336,57,53
5280.jpg 996,330,72,69 883,331,55,49 1091,329,47,45
5300.jpg 1014,324,67,69 892,325,58,57 1095,324,50,44
5320.jpg 901,324,57,52 1030,325,73,64 1107,324,49,45
5340.jpg 897,331,57,54 1039,334,76,67
5360.jpg 898,333,66,52 1063,337,81,73
5380.jpg 897,328,58,57 1081,334,94,79
5400.jpg 883,331,61,51 1105,336,105,97 1014,334,70,60 1728,345,166,117
5420.jpg 865,333,69,58 994,339,75,73 1137,340,117,106 1332,343,76,58
5440.jpg 870,331,69,64 985,333,84,76 1197,339,151,133 1452,337,99,81
5460.jpg 873,327,75,64 985,333,97,84 1324,334,193,166 1203,328,88,72 1707,331,139,121
5480.jpg 882,322,77,71 975,324,103,93 1248,324,88,84 1532,333,259,222
5500.jpg 876,324,76,78 951,330,114,100 1275,331,97,91 831,330,43,36
5520.jpg 915,321,124,112 1288,324,106,94
5540.jpg 892,328,130,123 1306,328,114,106 751,326,53,52
5560.jpg 840,328,144,127 1288,327,129,114 759,326,54,52 1003,323,54,55
5580.jpg 805,330,157,133 1303,327,127,117 1007,321,56,52
5600.jpg 777,321,159,144 1306,319,130,120 1013,315,54,52
5620.jpg 39,304,217,193 745,328,172,139 1312,324,142,123 1026,318,51,49
5640.jpg 78,309,226,211 733,339,169,145 1318,328,144,132 1045,326,47,46 1233,332,60,44 915,333,53,44
5660.jpg 129,286,261,238 718,324,168,144 1342,322,141,127 1062,313,45,44 879,319,59,53
5680.jpg 225,292,288,261 729,325,162,145 1410,330,135,126 1115,321,43,43 944,324,63,55
5700.jpg 0,313,90,96 387,288,322,283 1476,325,139,120 1632,325,120,96 1008,325,58,45 1165,317,41,42 1352,322,46,40
5720.jpg 579,297,318,291 1516,328,138,118 1051,328,56,51 1186,324,41,38 1392,328,50,41
5740.jpg 649,348,133,114 817,307,312,309 43,336,82,72 1567,340,139,114 1708,337,111,96 1444,340,53,44 1207,334,37,37
5760.jpg 637,333,133,117 1080,297,325,295 1668,331,130,109 213,322,76,61 823,313,60,57 1538,333,58,49
5780.jpg 703,322,127,114 181,325,111,94 1377,298,318,267 393,316,72,67 1242,331,51,49 1684,327,72,58
5800.jpg 391,319,99,96 805,318,123,114 1654,301,261,253 1011,301,54,51 546,314,63,59 1321,333,56,45
5820.jpg 79,258,198,261 519,327,96,90 891,330,121,105
5840.jpg 87,346,165,135 255,277,192,249 585,331,88,85 945,331,114,100
5860.jpg 70,318,148,130 226,259,192,244 847,327,117,100
5880.jpg 54,322,153,135 210,262,202,253 780,333,120,106
5900.jpg 58,328,162,138 226,264,202,250 754,328,111,103
5920.jpg 69,334,156,135 235,265,208,264 730,330,120,108
5940.jpg 58,322,175,148 258,250,223,274 721,319,118,106
5960.jpg 78,327,180,159 330,250,231,294 732,324,127,115
5980.jpg 97,328,199,163 414,240,250,312 762,327,130,114
6000.jpg 73,328,216,180 499,247,250,316 783,334,132,121
6020.jpg 3,330,198,189 541,244,252,330 409,331,132,126
6040.jpg 408,330,156,126 576,244,264,340
6060.jpg 121,318,151,132 411,324,147,124 616,235,259,343
6080.jpg 156,343,142,114 393,348,156,118 628,247,280,357
6100.jpg 169,340,135,112 373,342,165,123 631,240,280,361
6120.jpg 238,358,123,106 400,361,157,123 663,256,291,391
6140.jpg 252,346,108,100 382,349,151,124 654,243,315,408
6160.jpg 258,339,112,90 381,340,154,127 646,226,313,423
6180.jpg 306,336,102,85 417,340,135,111 645,225,319,409
6200.jpg 342,336,93,82 426,337,142,108 625,225,328,418
6220.jpg 15,337,172,145 448,343,118,105 615,232,337,432 374,342,79,71
6240.jpg 66,324,156,135 446,331,110,94 583,208,334,444 377,328,75,68
6260.jpg 165,316,142,112 598,207,318,417 431,323,70,61
6280.jpg 229,340,117,105 588,234,298,397 448,345,63,58
6300.jpg 261,346,115,88 550,243,274,354 448,351,62,51
6320.jpg 73,352,160,141 528,265,247,333 304,363,94,82
6340.jpg 175,351,139,120 516,265,244,309 357,355,84,72
6360.jpg 223,340,126,106 499,267,237,313 378,343,72,64
6380.jpg 297,342,106,90 517,262,246,309
6400.jpg 334,319,99,90 534,252,229,303
6420.jpg 36,250,276,291 541,244,234,304 393,321,93,82
6440.jpg 183,271,232,244 549,256,234,301
6460.jpg 403,301,189,205 633,264,217,288
6480.jpg 594,307,153,184 738,267,213,294
6500.jpg 744,274,217,300
